100
69 1 -96 3
69 1 -99 3
70 1 -92 3
77 1 -94 3
78 1 -97 3
81 1 -100 3
85 1 -100 3
90 1 -95 3
95 1 -92 3
95 1 -93 3
95 1 -96 3
97 1 -100 3
98 1 -84 3
99 1 -92 3
99 1 -95 3
100 1 -99 3
94 36 -87 93
94 57 -12 43
92 81 -57 74
37 6 -47 30
83 46 -15 68
88 9 -77 79
89 85 -4 52
96 71 -35 79
98 72 -82 76
98 54 -87 66
97 24 -19 46
47 52 -22 56
88 57 -44 92
76 8 -75 22
44 12 -29 30
77 5 -44 64
14 39 -7 41
70 18 -18 97
45 91 -6 40
56 5 -49 12
83 59 -25 38
82 31 -34 95
100 97 -60 74
37 8 -46 57
37 11 -43 88
7 2 -14 73
22 56 -20 100
22 5 -40 12
41 68 -6 29
21 25 -23 70
97 82 -31 85
26 86 -23 100
99 91 -25 91
80 70 -74 77
62 55 -27 60
85 22 -43 69
54 49 -4 34
50 91 -4 34
64 98 -54 93
87 26 -53 97
61 5 -29 28
60 52 -36 35
86 30 -44 36
78 1 -39 72
91 26 -97 68
25 58 -15 69
52 81 -32 94
58 28 -13 87
15 56 -13 91
13 80 -11 70
57 18 -7 61
50 38 -6 60
18 19 -46 84
90 84 -8 79
58 15 -72 30
71 100 -18 40
70 64 -23 95
74 48 -32 63
58 16 -22 58
32 22 -38 41
71 63 -13 80
77 84 -8 60
19 6 -64 50
45 12 -6 35
80 78 -63 76
89 20 -11 33
95 18 -47 36
74 29 -26 92
11 19 -18 37
31 5 -72 62
68 27 -64 78
80 22 -71 85
73 28 -35 41
74 15 -60 23
33 5 -55 44
99 87 -41 79
60 63 -63 84
73 23 -55 36
99 16 -53 72
90 60 -7 11
17 25 -10 40
82 15 -39 90
88 32 -33 23
90 32 -79 82
