400
2 3 3
2 3 4
3 3 3
128 3 340
2 10 0
2 10 1
2 10 2
2 10 3
2 10 4
2 10 5
2 10 6
2 10 7
2 10 8
2 10 9
1 100000 0
1 99977 99088
1 99937 99034
1 99062 99477
1 99181 99781
1 99568 99364
1 99640 99913
1 99544 99173
1 99181 99081
1 99787 99278
1 99751 99338
300 83 796
893 325 47
357 668 293
968 205 136
949 521 939
284 59 281
263 855 808
63 105 381
79 998 861
995 542 246
587 195 573
743 88 397
15 797 228
20 117 52
750 66 304
391 703 144
552 318 939
839 381 343
75 460 98
977 807 633
903 746 828
265 489 59
303 856 867
10 876 94
274 627 156
59 370 738
255 923 684
658 114 127
815 190 860
675 519 36
725 423 412
674 40 470
711 343 259
897 353 70
200 979 732
569 38 181
642 645 8
32 304 91
156 471 431
92 146 959
835 223 848
325 249 433
9 960 421
197 209 351
613 409 34
9 979 706
775 621 578
816 5 901
971 161 707
669 605 403
886 441 695
878 118 407
262 127 911
989 676 760
422 642 741
835 651 699
638 778 992
86 594 683
543 917 592
471 938 576
897 176 363
547 406 365
799 668 50
363 658 680
488 80 393
23 915 542
537 905 378
672 992 529
165 535 156
171 6 693
782 903 404
187 803 520
710 954 161
712 669 370
743 509 568
416 533 97
92 70 356
546 743 921
946 260 72
264 783 828
224 565 279
8 752 813
551 814 835
763 527 565
984 270 144
286 39 312
856 131 767
331 678 190
150 976 956
856 240 654
920 816 242
887 825 392
362 728 851
790 843 667
240 828 520
847 466 804
339 322 440
901 5 115
559 155 48
476 363 397
711 967 637
932 349 506
48 517 953
947 886 703
471 128 276
295 79 496
928 609 62
241 81 606
915 112 818
604 441 20
820 505 566
168 789 144
749 837 700
941 136 207
515 960 417
178 255 408
190 535 19
112 777 261
645 44 544
768 648 140
191 468 467
580 989 577
671 738 41
279 31 792
126 899 171
452 77 857
858 619 878
226 731 628
27 728 366
940 849 521
646 40 441
858 972 765
210 644 378
48 275 542
374 753 651
660 206 671
553 416 407
334 642 923
540 669 202
143 609 375
746 608 151
817 466 478
230 676 117
381 76 840
563 802 163
997 814 194
507 720 721
637 54 693
850 947 440
791 442 818
934 188 965
116 357 38
271 587 616
70 968 430
497 884 961
29 881 380
767 740 544
921 377 710
718 579 816
889 723 608
669 657 297
409 773 635
615 45 74
201 467 686
864 316 319
682 345 6
18 112 728
722 34 582
832 104 489
242 993 343
93 14 209
133 775 549
882 390 529
218 944 957
523 160 363
64 194 529
838 212 30
353 934 277
245 119 962
68 713 835
615 158 783
170 643 81
147 525 457
521 744 527
363 619 411
521 36 68
24 226 881
992 579 79
346 176 376
805 597 586
609 212 698
427 734 7
21 882 842
710 403 273
990 766 678
783 639 375
771 664 752
619 8 224
105 355 686
711 160 4
2 99380 99781
9 99311 99169
7 99707 99474
9 99855 99244
9 99716 99075
4 99617 99335
1 99883 99283
1 99884 99710
9 99813 99219
4 99810 99288
4386 2957 9289
5309 1960 1714
8538 3987 2174
2925 9813 8964
2177 6615 7245
3261 2909 2047
2090 4993 6643
4715 2027 923
5902 8780 52
3513 9928 4793
2768 4314 8004
2833 9622 482
3187 4512 2798
5277 3788 9936
7220 2316 5825
353 5576 8709
208 4018 7267
4654 5084 5966
9022 985 8004
7557 4497 2568
6097 3617 674
3944 2801 7440
103 2339 4533
247 7615 9423
204 1187 7172
6774 7891 5438
2605 8098 1985
7076 2751 4731
9925 8124 2183
7906 5681 8270
5814 8129 9096
8035 8424 3949
2581 8526 7781
1639 5125 1686
4483 1680 4628
5995 4805 7088
9435 7409 8955
539 836 107
9431 761 390
2955 8666 2014
7327 831 8693
8020 5217 9509
1512 7797 6022
7343 9435 2111
7140 270 7712
4475 2616 806
9700 2050 7945
9374 8941 9632
8150 8371 9674
5049 7677 9312
7629 1355 1113
4688 9374 4674
171 886 8512
532 4580 8240
6016 1719 3279
9532 2545 1880
7852 8596 8404
9932 4321 8070
2848 2470 3452
2876 3870 9971
7921 7850 3736
3796 2538 4925
1239 9060 8564
6479 9591 4591
7505 5607 1456
8800 5138 8103
5414 9341 538
4078 9272 7718
1682 8472 1905
4008 7699 4570
4010 5620 6649
5367 5767 7912
2449 7006 24
4064 3484 89
2962 988 8059
3578 6139 4881
6738 7904 1362
1197 1982 5447
9976 15 6767
1224 375 7153
2693 4384 6994
8364 6102 6324
220 8550 1975
7488 8965 2459
4346 1926 7094
3162 5503 236
3467 8592 3768
3112 9788 7170
8380 9763 668
8472 7338 6638
9910 6383 6127
9671 4746 1791
5198 1318 715
7731 5157 381
98 9502 7540
6157 9015 3644
8353 2481 6799
8453 1944 9698
6886 323 8981
5334 8794 9788
18073 6584 16785
14613 5577 9621
16135 4943 5957
9677 1 11932
19623 4052 18650
19901 8898 13802
2956 19375 1679
17944 19813 2976
19997 14347 10909
19427 19047 794
16713 17119 7615
19260 11731 14469
9942 4218 16628
2183 10246 5745
2466 9869 7736
9705 6121 1905
8608 5429 16033
16468 19724 2785
10530 16072 9487
8819 11850 16877
8466 4915 13719
11048 4174 18860
19206 10467 12923
8659 12650 8725
18111 11467 10865
7967 1172 15471
6720 9779 4381
1199 2598 11845
15490 13128 14483
480 18298 11339
4516 3115 10625
2022 14162 1683
7611 9719 9019
17417 14729 7425
17469 12840 3716
3740 17158 9101
8836 229 4822
3008 1427 12560
9608 16916 19010
12279 13747 18802
6799 18262 9009
6234 16636 4688
6193 4246 16587
16619 1663 8775
16046 15483 6997
47008 50757 43473
24982 49904 37905
53529 83736 68305
84781 42205 52920
60528 52276 28598
84039 80606 63906
14660 12631 42759
92296 85955 3207
90764 87954 13593
42661 31393 52608
100000 100000 100000
100000 99999 100000
99999 100000 100000
100000 100000 99999
99999 99999 99999
100000 99999 99999
99999 99999 100000
99999 100000 99999
99998 100000 99998
100000 99998 100000
