300
12 7 11
12 13 9
12 11 12
12 9 12
9 11 10
7 12 11
12 7 12
13 11 13
13 12 5
12 13 10
12 10 9
13 11 6
6 11 13
13 5 13
6 13 13
9 3 8
11 11 13
10 13 12
12 11 13
2 10 11
13 9 8
11 11 12
12 6 12
8 11 12
13 11 12
6 13 12
12 11 7
1 6 8
13 7 11
10 13 9
12 8 12
13 6 12
12 11 13
11 12 9
10 12 11
11 13 9
13 11 6
10 8 13
13 7 10
12 12 6
8 10 10
13 7 10
9 12 7
13 12 10
12 11 8
13 12 11
13 9 10
5 6 4
13 7 12
1 7 12
4 13 13
13 8 13
9 11 10
3 13 8
4 10 12
11 9 10
11 10 10
8 13 12
9 13 12
13 9 12
3 9 8
10 11 13
13 11 12
8 12 11
10 11 13
8 2 5
10 9 12
13 7 11
13 10 10
13 9 9
8 10 12
11 13 7
12 10 13
2 6 5
13 11 10
8 10 13
13 8 10
11 1 13
10 10 10
8 13 11
8 10 13
9 12 9
13 8 9
12 12 13
9 12 10
10 11 13
13 6 11
13 9 4
3 12 2
13 12 4
12 6 7
13 13 12
12 11 10
8 10 13
10 5 13
9 11 12
7 5 1
11 11 11
5 5 12
7 11 12
13 4 13
13 7 12
13 12 6
6 12 11
12 13 5
11 9 12
12 12 7
7 13 11
12 11 7
5 13 12
12 9 9
13 11 13
13 8 9
11 12 9
10 12 10
10 10 4
12 13 9
11 11 8
13 13 9
7 11 12
12 13 8
1 6 8
12 11 11
13 11 7
10 8 2
3 9 11
9 10 11
13 11 9
9 13 8
12 10 9
12 10 11
12 12 9
11 11 11
4 8 8
13 5 12
11 6 12
12 11 10
7 8 6
11 1 7
13 3 2
12 8 10
13 11 6
8 11 12
11 8 13
12 13 9
13 13 12
8 13 11
13 7 10
11 11 10
8 9 3
4 12 7
11 11 13
11 11 12
10 9 13
12 12 10
10 9 12
11 8 12
13 10 11
13 12 8
13 10 13
9 13 9
13 9 10
1 1 12
12 1 8
6 13 13
2 13 2
13 5 13
13 1 11
13 11 8
13 12 5
13 5 13
12 13 6
7 7 1
10 2 12
4 7 5
13 11 8
11 11 9
11 8 12
8 1 8
12 13 13
11 8 11
10 13 13
11 11 10
6 5 10
3 8 4
2 4 7
5 4 5
10 10 11
13 11 12
12 10 12
13 13 2
12 10 12
9 11 10
5 10 2
7 6 3
11 8 11
11 12 12
13 6 12
12 8 13
13 6 12
12 12 8
8 6 8
12 8 10
13 9 12
13 9 11
13 12 12
12 12 10
13 11 7
7 13 12
12 12 11
8 13 12
10 12 10
11 11 10
11 9 11
10 13 9
13 13 13
12 10 8
9 11 12
4 12 12
11 13 9
13 9 10
4 5 2
1 11 11
12 10 7
7 13 12
11 9 12
11 11 13
8 13 10
9 13 8
3 11 1
3 1 1
13 13 7
13 13 9
12 8 10
12 8 12
11 8 11
8 10 13
12 13 12
12 12 7
6 3 11
6 13 13
13 13 7
5 13 11
12 12 9
13 10 13
3 13 13
10 10 2
10 13 10
2 1 6
8 4 3
8 13 13
4 5 12
13 12 7
13 11 11
12 12 8
8 13 12
10 12 11
6 11 13
3 9 10
10 5 3
10 13 11
12 12 6
7 13 10
11 2 6
9 13 8
9 10 11
8 13 13
5 4 3
11 13 13
11 13 9
12 13 5
12 13 10
9 12 10
2 10 12
10 8 4
13 7 13
2 5 1
13 10 7
10 12 12
10 10 13
13 11 13
10 12 10
13 7 4
9 13 9
10 7 5
10 12 8
12 13 10
13 12 9
12 12 12
12 11 10
7 13 10
13 9 1
4 13 13
9 11 11
10 11 10
9 13 13
13 9 11
13 11 8
7 13 12
9 12 9
