20
957564459713286289 66666666666666
957564459713286289 978438233
112201560598327200 149602080797769600
5843831281162875 3506298768697725
5843831281162875 106858629141264000
897612484786617600 10518896306093175
897612484786617600 224403121196654400
3506298768697725 3506298768697725
5843831281162875 3506298768697725
3506298768697725 149602080797769600
3506298768697725 299204161595539200
3506298768697725 112201560598327200
897612484786617600 3506298768697725
299204161595539200 5843831281162875
224403121196654400 673209363589963200
299204161595539200 748010403988848000
748010403988848000 106858629141264000
186409786110172186 666
186409786110172186 23333333333333
186409786110172186 20000327

