11
4 1
1 2 3 4
1 1
1 1
1 1
1 1
4 4 3 2 1
21 59
9 -5 -2 -8 7 -4 7 -10 -6 2 -10 -3 7 -8 5 1 4 -9 3 4 -6
5 32 22 30 44 22
5 15 23 24 6 37
5 49 51 48 4 18
5 9 40 31 8 31
5 20 12 52 17 23
5 7 7 9 51 34
5 54 48 30 47 34
5 25 38 19 38 59
5 33 46 44 3 52
5 47 1 13 11 36
5 2 49 53 54 39
5 33 48 31 39 9
5 9 18 20 22 13
5 19 25 27 13 26
5 35 55 29 18 42
5 31 12 18 20 31
5 14 57 38 54 50
5 48 16 19 18 9
5 56 13 9 40 42
4 25 52 25 25
1 13
1 63684971
1 57013089
1 36068465
1 7371295
0
1 13180824
2 3748723 22378461
1 3290556
6 10983705 43164849 48989139 84083718 91141184 65373744
0
1 32542259
2 91172198 44166937
5 54947521 66255995 23602999 72052792 19959410
1 86988199
1 22877393
1 60391506
1 55194988
5 34682566 52781275 93465214 29134951 57651760
3 93162948 46708849 38200291
3 13529153 48576705 1388878
0
3 86619393 9786139 53752128
2 20578894 86531036
1 68140399
5 46624704 99954512 40537368 43332766 53326910
1 52019705
1 48858920
0
1 89958597
2 43249895 55367330
5 26254653 50273128 87825118 75827766 888374
1 39404730
2 66761264 43003643
2 51576179 56885864
1 6940362
1 46401210
1 25726739
3 67484657 18073862 82560606
2 16693717 86788466
2 76258759 47675991
0
2 820162 507077
0
2 34322396 95725572
0
1 70090421
2 1354949 4067154
4 57728204 26071449 33239414 33592734
2 73918925 3066305
1 87411378
2 23564861 88642792
3 83413753 20543593 95486581
1 4290176
3 8433382 60364580 95517888
1 18275370
1 92706454
1 82247804
0
1 68401160
21 187
5 -2 -2 -2 -3 -6 -6 0 4 10 -4 6 1 0 -4 2 3 7 8 4 -6
5 151 99 2 100 35
5 148 108 49 117 103
5 182 138 173 175 22
5 134 179 125 4 125
5 135 19 35 165 124
5 33 142 156 77 134
5 54 104 112 27 152
5 149 52 82 100 46
5 112 76 8 38 134
5 104 177 102 58 90
5 14 63 3 4 9
5 76 44 87 183 106
5 127 3 115 70 141
5 178 8 23 114 164
5 126 120 89 134 134
5 178 104 23 158 17
5 154 33 134 48 18
5 110 37 33 88 135
5 140 39 1 129 111
4 52 129 16 99
1 85
1 59051375
1 83251466
2 31260549 47641474
2 14409889 81190098
0
0
0
2 25262327 97243700
1 27850502
0
0
0
0
1 95433688
0
1 78132311
1 47981741
1 44618226
1 17033510
0
0
1 28443257
2 90167705 68972726
0
0
0
1 9313258
0
0
0
0
0
3 88710004 87513748 93186879
0
2 56097111 33520742
0
1 12504731
1 14425611
1 50521757
0
0
0
0
1 30456119
0
1 57937991
0
1 16980292
1 428024
0
0
2 5062377 38159987
0
1 41384892
0
0
0
1 71732315
0
0
0
0
1 83745692
0
0
0
0
0
0
1 9438879
0
0
0
0
0
2 22505995 83768087
1 42729405
0
0
0
0
1 94122543
0
0
1 13523949
0
1 94817922
1 29444782
1 15109830
1 76028337
0
0
0
0
0
0
0
0
2 98641595 72802211
2 71496729 34675143
0
1 56338362
1 6978918
3 51967835 52948286 65522219
0
1 40838188
0
1 84432988
0
1 62508107
1 1517715
2 14194793 82987647
0
1 59418919
1 89838369
0
1 69716907
0
0
1 42445063
0
0
0
1 86976269
2 77951752 70131775
1 12105739
1 40165829
0
2 11151882 92015735
0
0
0
0
6 52560399 19988616 94284474 27342907 51183531 21310296
2 21387021 49013877
0
0
1 14566298
0
1 29528236
1 97922953
1 81907356
0
0
0
0
0
1 54731894
1 93896056
0
1 91748909
1 37901268
0
1 6560798
0
1 35777138
0
1 24810719
0
0
0
0
0
1 66069136
1 15290876
0
0
0
0
0
0
0
1 44160739
0
1 26022131
0
1 42154787
2 63688765 86926171
1 96937007
0
0
1 41821170
1 37207643
0
0
0
0
21 139
-9 2 4 9 2 1 -1 -4 -5 0 8 -5 4 0 8 -8 9 -3 8 1 -2
5 42 46 82 4 35
5 127 34 69 94 109
5 1 49 104 97 33
5 114 3 115 92 82
5 133 120 129 136 81
5 23 23 68 50 89
5 17 115 77 53 127
5 70 17 83 126 33
5 13 79 82 92 7
5 50 67 99 39 69
5 64 25 5 38 111
5 48 132 61 136 13
5 75 81 21 32 100
5 59 97 64 3 110
5 53 1 66 23 50
5 43 13 115 88 80
5 139 129 73 41 26
5 62 1 90 60 84
5 124 61 69 57 138
4 105 8 97 90
1 46
3 87540471 30695472 11579223
0
2 44205446 42957128
1 52096460
1 58044543
0
1 64093622
1 3696819
0
0
0
0
3 94938618 62507764 38697812
0
0
0
2 46539564 15320295
0
0
0
1 94156144
0
3 98224211 77396952 13011985
0
1 12561659
1 41424355
0
0
0
0
0
1 35455052
2 71161550 46716817
1 54679431
1 22493821
0
0
1 62231657
1 946863
0
1 89307783
1 79108692
1 64070533
0
0
2 83859999 86041344
0
1 88624257
1 54819978
3 50267875 31163227 59707483
0
0
2 73032728 61470464
0
0
0
1 1877854
0
1 78357699
1 21457185
2 73109912 4934613
1 12152371
0
2 88760940 36773847
0
1 33925476
1 78929657
1 92353607
3 57043176 74436462 27053835
1 86170076
0
0
1 43024671
0
1 77648727
0
1 93079754
0
1 55630927
1 68807667
2 4449544 92249471
3 61330001 90346246 98356223
1 84150000
1 51279922
0
0
0
1 49336902
1 26258601
2 34319914 32115441
0
2 71348418 79074569
0
1 64613866
0
0
3 76180351 86047313 69807561
0
1 99494231
1 40003837
0
0
0
1 60355346
1 25499093
0
0
0
1 84119169
1 83738681
1 74210492
0
0
1 70921106
3 43915811 58123246 54904664
0
0
0
0
1 30439949
0
0
0
1 30045831
0
1 33693761
2 78176582 70923084
0
2 44958226 40143267
0
0
1 36857056
1 21086880
0
0
2 61307749 36519967
0
1 98047880
1 85811479
21 139
999791 574401 530507 350464 859968 315912 909464 236814 114140 751017 721867 783671 498832 902024 396223 929272 177724 848938 856950 514368 369259
5 42 46 82 4 35
5 127 34 69 94 109
5 1 49 104 97 33
5 114 3 115 92 82
5 133 120 129 136 81
5 23 23 68 50 89
5 17 115 77 53 127
5 70 17 83 126 33
5 13 79 82 92 7
5 50 67 99 39 69
5 64 25 5 38 111
5 48 132 61 136 13
5 75 81 21 32 100
5 59 97 64 3 110
5 53 1 66 23 50
5 43 13 115 88 80
5 139 129 73 41 26
5 62 1 90 60 84
5 124 61 69 57 138
4 105 8 97 90
1 46
3 6360 7454 6037
0
2 3004 8286
1 6792
1 4452
0
1 5962
1 4180
0
0
0
0
3 9102 8143 1272
0
0
0
2 6535 4826
0
0
0
1 1057
0
3 6867 1457 390
0
1 2275
1 1340
0
0
0
0
0
1 1146
2 8895 7718
1 4770
1 3367
0
0
1 4076
1 6466
0
1 9953
1 584
1 1189
0
0
2 1441 9700
0
1 8421
1 9393
3 7357 8404 1620
0
0
2 7538 6568
0
0
0
1 3444
0
1 379
1 6500
2 8485 4035
1 5853
0
2 9685 4820
0
1 7032
1 9285
1 5049
3 7619 1313 9721
1 1910
0
0
1 381
0
1 8647
0
1 1264
0
1 8737
1 6371
2 399 6245
3 2646 3944 2990
1 491
1 7973
0
0
0
1 9607
1 4815
2 2537 6999
0
2 7349 8354
0
1 7284
0
0
3 3694 5920 9424
0
1 874
1 530
0
0
0
1 7044
1 1950
0
0
0
1 5449
1 4787
1 1795
0
0
1 3881
3 9594 1835 223
0
0
0
0
1 3404
0
0
0
1 9869
0
1 9804
2 4060 4209
0
2 3016 585
0
0
1 6306
1 4209
0
0
2 2748 5560
0
1 4320
1 796
21 139
344286 532652 -230711 -2919 -179425 -546698 -465880 342737 794428 -230739 -687865 713836 -932054 513357 -97639 -559361 -75096 -581568 986954 915880 854194
40 42 46 82 4 35 127 34 69 94 109 1 49 104 97 33 114 3 115 92 82 133 120 129 136 81 23 23 68 50 89 17 115 77 53 127 70 17 83 126 33
1 13
1 79
1 82
1 92
1 7
1 50
1 67
1 99
1 39
1 69
1 64
1 25
1 5
1 38
1 111
1 48
1 132
1 61
1 136
40 13 75 81 21 32 100 59 97 64 3 110 53 1 66 23 50 43 13 115 88 80 139 129 73 41 26 62 1 90 60 84 124 61 69 57 138 105 8 97 90
3 29896303 87540471 30695472
0
2 11579223 44205446
1 42957128
1 52096460
0
1 58044543
1 64093622
0
0
0
0
3 3696819 94938618 62507764
0
0
0
2 38697812 46539564
0
0
0
1 15320295
0
3 94156144 98224211 77396952
0
1 13011985
1 12561659
0
0
0
0
0
1 41424355
2 35455052 71161550
1 46716817
1 54679431
0
0
1 22493821
1 62231657
0
1 946863
1 89307783
1 79108692
0
0
1 64070533
0
1 83859999
1 86041344
3 88624257 54819978 50267875
0
0
2 31163227 59707483
0
0
0
1 73032728
0
1 61470464
1 1877854
2 78357699 21457185
1 73109912
0
2 4934613 12152371
0
1 88760940
1 36773847
1 33925476
3 78929657 92353607 57043176
1 74436462
0
0
1 27053835
0
1 86170076
0
1 43024671
0
1 77648727
1 93079754
2 55630927 68807667
3 4449544 92249471 61330001
1 90346246
1 98356223
0
0
0
1 84150000
1 51279922
2 49336902 26258601
0
2 34319914 32115441
0
1 71348418
0
0
3 79074569 64613866 76180351
0
1 86047313
1 69807561
0
0
0
1 99494231
1 40003837
0
0
0
1 60355346
1 25499093
1 84119169
0
0
1 83738681
3 74210492 70921106 43915811
0
0
0
0
1 58123246
0
0
0
1 54904664
0
1 30439949
2 30045831 33693761
0
2 78176582 70923084
0
0
1 44958226
1 40143267
0
0
2 36857056 21086880
0
1 61307749
1 36519967
21 112
-780352 308380 166262 505117 -693924 58633 -682687 758510 22382 -2173 895159 465885 -732456 645265 208132 -350760 -477108 -860389 540012 985016 733070
40 78 76 39 103 66 74 39 104 72 28 65 64 110 30 28 87 67 52 83 10 28 98 99 88 50 82 32 4 18 50 48 38 59 19 94 26 51 27 9 111
1 83
1 52
1 82
1 72
1 86
1 107
1 34
1 111
1 94
1 50
1 97
1 61
1 95
1 94
1 32
1 20
1 98
1 9
1 96
40 53 4 97 9 106 84 39 4 13 40 2 81 15 25 57 82 18 66 60 46 63 53 108 31 2 6 79 4 40 78 29 112 8 25 101 9 39 40 73 74
0
2 86984420 35517590
0
4 24569569 60591127 63966146 13810465
0
1 37349875
0
1 92722241
4 89347657 54453280 50338346 4752538
1 66752620
0
0
1 20158906
0
1 46156668
0
0
2 13499377 99292848
1 80507347
1 9492930
0
0
0
0
2 4382590 15538015
1 95700766
1 60945536
3 6016598 12295658 88061037
1 97193935
1 8695964
1 95042991
2 82744017 46400488
0
1 29158024
0
0
0
1 19486677
4 79857866 10232686 69181372 29852628
3 51981804 46837382 67612040
0
0
0
0
0
1 38654973
0
1 91673522
0
3 85859704 51069852 65674034
1 87963129
2 56984148 36747495
2 62354843 99993602
0
0
0
1 21317305
0
1 63082081
1 55674364
1 97529470
0
1 9578811
1 35144292
1 45567413
2 12083197 23381851
1 95793509
0
0
0
0
2 32272878 31584202
1 189386
2 54016183 56406636
0
1 2967068
0
2 59785393 37834135
1 37227853
0
1 20091496
3 61478307 72002518 33978970
2 16471649 969717
1 10307865
0
1 23218638
1 15309326
1 82881706
0
0
0
0
0
3 663263 46992539 33653803
1 28566735
1 37021829
2 41751892 10753836
2 98863429 30193183
1 20434878
0
1 91090117
0
1 39238386
1 14597173
0
1 13112890
1 48449959
1 12475256
0
1 64425557
2 35079968 73105312
1 17375659
21 1
-780352 308380 166262 505117 -693924 58633 -682687 758510 22382 -2173 895159 465885 -732456 645265 208132 -350760 -477108 -860389 540012 985016 733070
40 1 1 1 1 1 1 1 1 1 1 1 1 1 1 1 1 1 1 1 1 1 1 1 1 1 1 1 1 1 1 1 1 1 1 1 1 1 1 1 1
1 1
1 1
1 1
1 1
1 1
1 1
1 1
1 1
1 1
1 1
1 1
1 1
1 1
1 1
1 1
1 1
1 1
1 1
1 1
40 1 1 1 1 1 1 1 1 1 1 1 1 1 1 1 1 1 1 1 1 1 1 1 1 1 1 1 1 1 1 1 1 1 1 1 1 1 1 1 1
99 0 100000 200000 300000 400000 500000 600000 700000 800000 900000 1000000 1100000 1200000 1300000 1400000 1500000 1600000 1700000 1800000 1900000 2000000 2100000 2200000 2300000 2400000 2500000 2600000 2700000 2800000 2900000 3000000 3100000 3200000 3300000 3400000 3500000 3600000 3700000 3800000 3900000 4000000 4100000 4200000 4300000 4400000 4500000 4600000 4700000 4800000 4900000 5000000 5100000 5200000 5300000 5400000 5500000 5600000 5700000 5800000 5900000 6000000 6100000 6200000 6300000 6400000 6500000 6600000 6700000 6800000 6900000 7000000 7100000 7200000 7300000 7400000 7500000 7600000 7700000 7800000 7900000 8000000 8100000 8200000 8300000 8400000 8500000 8600000 8700000 8800000 8900000 9000000 9100000 9200000 9300000 9400000 9500000 9600000 9700000 9800000
21 1
0 1 2 3 4 5 6 7 8 9 10 11 12 13 14 15 16 17 18 19 20
40 1 1 1 1 1 1 1 1 1 1 1 1 1 1 1 1 1 1 1 1 1 1 1 1 1 1 1 1 1 1 1 1 1 1 1 1 1 1 1 1
1 1
1 1
1 1
1 1
1 1
1 1
1 1
1 1
1 1
1 1
1 1
1 1
1 1
1 1
1 1
1 1
1 1
1 1
1 1
40 1 1 1 1 1 1 1 1 1 1 1 1 1 1 1 1 1 1 1 1 1 1 1 1 1 1 1 1 1 1 1 1 1 1 1 1 1 1 1 1
99 0 100000 200000 300000 400000 500000 600000 700000 800000 900000 1000000 1100000 1200000 1300000 1400000 1500000 1600000 1700000 1800000 1900000 2000000 2100000 2200000 2300000 2400000 2500000 2600000 2700000 2800000 2900000 3000000 3100000 3200000 3300000 3400000 3500000 3600000 3700000 3800000 3900000 4000000 4100000 4200000 4300000 4400000 4500000 4600000 4700000 4800000 4900000 5000000 5100000 5200000 5300000 5400000 5500000 5600000 5700000 5800000 5900000 6000000 6100000 6200000 6300000 6400000 6500000 6600000 6700000 6800000 6900000 7000000 7100000 7200000 7300000 7400000 7500000 7600000 7700000 7800000 7900000 8000000 8100000 8200000 8300000 8400000 8500000 8600000 8700000 8800000 8900000 9000000 9100000 9200000 9300000 9400000 9500000 9600000 9700000 9800000
21 122
-453786 323011 353987 -476308 -772517 219356 372568 -779674 81929 695999 400022 320696 806617 643519 894837 -86120 275273 -470245 913573 555340 -894026
80 42 9 51 64 50 98 122 10 6 31 11 59 53 74 83 104 85 20 33 98 84 86 32 111 83 16 92 73 85 95 63 24 59 2 17 84 59 56 9 23 61 100 115 35 50 103 70 88 41 99 57 88 8 26 102 65 25 26 38 62 104 90 48 104 71 4 85 7 53 62 64 21 27 107 75 85 90 58 96 62
1 27
1 110
1 116
1 17
1 64
1 3
1 61
1 58
1 112
1 94
1 117
1 81
1 47
1 94
1 57
1 37
1 70
1 57
1 8
1 98
0
1 88791801
1 34219986
1 77073154
0
1 82798626
1 7386614
2 49058658 3482690
2 55300190 96344094
1 77929649
1 15796809
0
0
0
0
1 35347942
2 46688706 15359332
0
0
1 64653788
1 87407203
0
1 42689175
1 98416950
1 83290181
2 47967318 90377000
2 27375431 9920337
0
0
0
1 23971212
1 20418378
1 68812572
0
1 23746130
0
1 78728346
1 72070698
0
0
1 1939257
1 87280009
0
0
0
0
1 11983259
1 37799770
0
2 16442015 85303335
1 55565703
0
2 5694284 91866847
0
0
1 29725710
3 98189375 17777160 81031919
2 59126600 83771749
3 67762666 68788386 75480673
0
2 54861272 25070911
3 78287445 76137950 81268769
1 83585267
3 49252003 71439588 98965870
1 54719898
0
0
0
0
2 78225858 25335948
1 85354514
0
1 97616762
1 93323441
1 73959034
0
0
0
0
0
1 68872100
0
2 55308486 45760992
2 25350083 14327916
4 68623536 13972347 95698553 61961726
1 72520640
0
2 66993453 36605175
0
2 71508185 75143069
0
1 68320457
0
2 74525731 18057641
1 2164094
1 76935361
0
3 93938032 13113179 28493629
1 79616888
1 875446
0
1 6773921
1 99500518
3 7557569 8683732 75692732
0
0
1 61488917
0
0
1 6456500
1 26213061
1 92158456
0
0
1 17470585
1 57498533
1 26633165
0
0
0
0
1 69089599
21 122
-453786 323011 353987 -476308 -772517 219356 372568 -779674 81929 695999 400022 320696 806617 643519 894837 -86120 275273 -470245 913573 555340 -894026
1 42
1 9
1 51
1 64
1 50
1 98
1 122
1 10
1 6
1 31
1 11
1 59
1 53
1 74
1 83
1 104
1 85
1 20
1 33
1 98
80 84 86 32 111 83 16 92 73 85 95 63 24 59 2 17 84 59 56 9 23 61 100 115 35 50 103 70 88 41 99 57 88 8 26 102 65 25 26 38 62 104 90 48 104 71 4 85 7 53 62 64 21 27 107 75 85 90 58 96 62 27 110 116 17 64 3 61 58 112 94 117 81 47 94 57 37 70 57 8 98
0
1 88791801
1 34219986
1 77073154
0
1 82798626
1 7386614
2 49058658 3482690
2 55300190 96344094
1 77929649
1 15796809
0
0
0
0
1 35347942
2 46688706 15359332
0
0
1 64653788
1 87407203
0
1 42689175
1 98416950
1 83290181
2 47967318 90377000
2 27375431 9920337
0
0
0
1 23971212
1 20418378
1 68812572
0
1 23746130
0
1 78728346
1 72070698
0
0
1 1939257
1 87280009
0
0
0
0
1 11983259
1 37799770
0
2 16442015 85303335
1 55565703
0
2 5694284 91866847
0
0
1 29725710
3 98189375 17777160 81031919
2 59126600 83771749
3 67762666 68788386 75480673
0
2 54861272 25070911
3 78287445 76137950 81268769
1 83585267
3 49252003 71439588 98965870
1 54719898
0
0
0
0
2 78225858 25335948
1 85354514
0
1 97616762
1 93323441
1 73959034
0
0
0
0
0
1 68872100
0
2 55308486 45760992
2 25350083 14327916
4 68623536 13972347 95698553 61961726
1 72520640
0
2 66993453 36605175
0
2 71508185 75143069
0
1 68320457
0
2 74525731 18057641
1 2164094
1 76935361
0
3 93938032 13113179 28493629
1 79616888
1 875446
0
1 6773921
1 99500518
3 7557569 8683732 75692732
0
0
1 61488917
0
0
1 6456500
1 26213061
1 92158456
0
0
1 17470585
1 57498533
1 26633165
0
0
0
0
1 69089599
