10
2
17 -16 -13 63
37 -12 55 49
10
9 11 12 0
7 0 13 6
2 -2 10 0
2 8 8 3
12 -11 -7 5
7 -7 -2 2
9 2 2 10
10 0 4 9
10 -13 3 4
6 5 12 1
11
7 -1 15 14
8 -3 6 1
15 -3 16 9
12 -5 2 16
15 -2 3 4
13 -2 3 13
9 17 18 17
18 1 3 2
8 -8 2 3
7 -11 -3 12
17 -7 -5 4
7
13 -1 8 1
1 -11 9 9
2 -10 11 3
3 -5 2 3
4 0 9 0
4 2 2 13
4 -5 1 3
10
6 -22 -19 14
15 14 16 29
18 -1 9 5
2 -29 -28 15
8 -23 -15 12
14 -27 27 4
20 -18 -6 15
24 -13 8 22
5 -14 13 14
21 -14 7 22
13
81 -446 472 561
574 -120 448 83
225 -484 148 128
685 552 580 596
393 -195 -178 475
664 -428 -36 334
441 329 375 365
680 -270 681 277
202 -26 0 81
220 -328 -196 155
636 -216 192 96
685 -13 339 218
654 -159 76 485
26
3 0 1 11
1 -10 -1 0
6 2 8 5
8 -8 3 2
11 3 9 10
4 7 9 12
12 -3 2 4
5 -3 3 8
7 -4 3 7
11 -9 2 7
2 -6 2 11
2 -5 1 7
3 1 2 2
6 -4 10 3
12 0 2 5
3 -1 5 5
3 0 4 8
9 2 9 3
3 -5 3 8
5 4 11 9
8 2 4 10
1 -8 6 4
5 0 3 4
2 -3 8 5
12 2 10 3
5 -10 -9 4
119
3548 1318 1496 3843
12165 -10561 -1504 8543
2714 11 2854 13007
5719 -13055 13305 3699
11298 4709 6135 10
4076 -12312 -2224 5940
12623 -968 2192 8074
10570 -10034 4297 10071
11375 -12645 -3384 4098
6463 4563 14466 5442
6299 625 3934 1845
4891 -13991 -523 14012
1358 -4097 6057 10295
9788 -7484 -7235 3953
6285 -10271 -1179 7355
2668 -10247 13171 5690
681 4684 11383 5817
1923 -2680 3922 252
1873 -5862 4766 558
12563 -9182 -50 1879
2141 -10370 5913 10538
8270 -11080 -9294 2674
7696 -6093 -4454 2342
11040 -8610 12976 11933
12365 -1892 4055 3779
4162 -13237 -1350 3905
12208 -5884 11141 3363
2583 -13597 13714 11676
414 7917 13315 3704
10965 -7421 -6653 6207
1111 -11164 10670 7221
11920 6126 12463 9137
7215 -12790 5884 1454
2892 -14536 13786 13209
9725 -3486 8547 12592
10996 -12827 10377 13490
14083 33 5187 1736
8103 7371 7815 9696
11413 -13648 965 1689
3860 -2198 3538 562
12555 -9335 8563 4758
2074 -13275 -10073 13052
9721 -3941 -2155 7454
4242 -7984 9120 8833
9373 -1129 111 11586
9633 -447 13965 1871
10934 -8662 11091 7899
7990 7956 9631 12505
267 11724 14698 12469
14151 8424 8866 4808
2071 -13100 1668 1545
1612 -6737 3556 4988
4430 -6626 -6191 14150
14378 -8849 5908 6344
1169 -12240 -2583 8973
917 -7696 -3914 6590
409 -13825 6341 485
512 -13598 -10363 5265
1349 2273 9992 8811
1003 -4990 5092 11231
13142 3005 13802 13140
10412 -11114 -7573 7097
14383 10406 11970 11851
13667 -14425 -4932 3422
11493 -13978 -1048 13211
1294 -914 14522 5363
2281 6096 8222 4014
7828 -7797 9867 14593
10688 -5010 6202 8677
10296 7209 11192 4322
10223 2722 7300 4177
5460 -14116 4692 14557
7536 -9999 1022 12993
13037 3465 6457 12246
4864 -6092 896 9206
12082 -5528 2546 5940
1421 -14567 8959 13090
9287 8255 10844 11443
401 -12072 -5681 11328
4760 -9297 3793 2168
12507 -12119 -6690 6318
4600 -13912 5320 5368
13750 -836 7329 9321
9774 10998 12583 10525
12729 -8920 9260 12709
9079 6198 11338 5532
8039 -13982 -2552 12729
9231 5851 11047 12253
84 -6878 3553 4848
14124 -2247 11151 2013
4033 -5849 13550 4511
2923 -1612 14701 13632
12245 -7946 13573 709
6437 -5273 -2777 459
13118 1612 10859 4394
3766 -3967 9143 10225
2814 -12412 -11707 3505
3100 -11348 10232 5359
8198 10875 13976 4185
3733 2039 13053 8894
3059 1886 9085 2371
1142 646 9236 926
7520 -10229 3117 7754
3526 -10443 -1878 10910
8350 -9861 10985 2551
10319 -10489 5326 4224
6558 -2855 4978 12185
6431 12658 13165 11299
1291 -11508 14475 5441
4490 -6772 12008 12015
8681 -5827 14145 12770
4144 -9125 11523 14565
6982 -4818 4059 696
12609 2102 5019 6840
2566 -14229 -5691 10484
12498 2655 8005 12022
4425 -8254 -4277 10033
3644 -12982 4567 8328
11073 -12605 -5005 7342
12
8655 -2758 9373 1702
2025 -10672 -9907 11295
6380 -4073 -3178 13131
5714 2218 7228 1410
9647 -6313 9316 13843
11743 -8725 8481 37
7059 -13041 -10578 3618
4477 -4506 6475 11025
12650 -5704 4889 12121
2546 -1253 2616 3653
9570 -4563 10935 7961
3358 -7225 3551 11002
300
315264961 -92019798 572087080 194233238
114544247 -210935667 871551966 721205377
847305731 180427044 461723813 167542892
301327009 345474341 501949499 292916195
414763726 -65304286 176401914 246636603
902511944 201698425 692331546 720668170
776117516 479141518 580241842 242249628
579820374 -585336584 -425038216 593416088
718948772 -476029027 506395199 931487039
297019314 -562366262 389189086 623470685
619495806 303146188 353917131 722726797
800660292 -835525121 402092983 937371678
453910914 142764559 941996931 81353937
452200180 369012442 923882079 190196212
829226648 -418391146 557660081 695011270
135892906 450599556 712828257 597483563
802679208 -852620844 526193650 576733959
399670350 -32960943 360637726 324485698
308481434 -75585367 879700311 927063089
769222088 -550399777 75492836 746326421
546666838 368812027 642337888 38331440
902917376 563964058 959139873 90544174
682176964 -624612567 472701968 131930144
803434719 -322965601 689005472 784906436
187192269 -14768239 345719428 816828180
751298123 -542505556 968861049 696420416
659998295 -593345559 -60204162 201550842
567491629 -923883399 601457573 126187222
462023755 -991126786 173952089 979739445
832527214 278897966 596469579 873980813
253638290 -913281010 585835369 484736846
237892340 274213186 838700122 290760569
871739922 311652015 711523864 279387379
299991465 303953430 425589008 338928934
762847669 205215293 300046954 122404411
697138292 -807028937 -254896549 299197261
539299938 817734558 849741836 86515771
133954108 2784081 414272163 864534833
49346817 -677537807 -32584780 454645214
153028075 -319480332 -211848790 658743722
304700025 -226288460 261201197 1799737
397643880 -843268060 978359921 469959975
510019508 -531968558 754997364 110622870
345707163 -985309279 -385995144 44588474
296905113 -142716421 655121300 51088737
45807980 -75579567 343610750 247110829
421261584 284744796 390318145 218069235
354162627 -778479629 -449014605 904116779
989392641 -847161546 849458093 893799625
257382024 -602989838 -165450563 597414542
623894612 -136645190 805002281 37420632
429477539 -626678373 923875041 511073417
461509617 -275874736 -115684672 279897909
16499452 149513292 443828700 814774042
218184385 -175589623 677772832 255044637
777898108 -430683558 356959419 819944975
381739434 -774444332 39040178 283320572
746679817 -891648747 -348263097 809128554
117950869 -423944112 -157543148 130356451
208023692 24954456 995451674 321618447
879786859 -70014236 -43103547 368011605
160280302 -376404761 354043929 868872407
573170194 -899324940 -307703375 59243837
48035349 -956649200 411287263 877609591
155257460 -4755055 960639336 37282535
219755755 668791693 806194545 355243231
986050424 -991785067 837076459 159052233
256210007 -739197964 -348942863 173204895
343821829 -781448663 -48449264 910887771
789465920 -568973546 740213765 571227635
332663045 -996487817 -184846122 14622243
38793872 -294728230 -149991912 649953341
935770463 -846719475 683013955 533771874
967928110 -764318246 -294302159 978503560
43089915 491430786 540264993 130019694
324127234 -566099087 -267539458 52014227
308901825 -393604363 409816367 794267558
571403764 -365775777 487426039 784108364
417756057 -189318564 193447857 905459573
857745388 -636577614 -553800470 53888753
909147243 -269720176 385931045 250038914
486153426 -694949153 869002479 813792378
262739743 -959627501 600026834 550073179
180702094 -965421481 35734750 623925519
790049949 -822078773 -661646113 697106433
403635464 195445589 797875810 592142717
518987725 -412277408 327614398 552588033
12885545 602172681 757527275 514774897
526057879 323037082 548083336 94115947
842072023 39394837 351860780 723571346
169415396 -946112573 -3272277 421364414
36637947 14256588 461511019 562414820
513969306 -101870889 774699379 384440520
665377918 -962224244 -30253170 788330395
904255907 -733550136 300722684 164548575
853848390 -81664285 10999702 578044377
879782629 -236144973 787783438 808682422
977099837 -409310565 -224948752 801090269
434877770 31637672 453840018 79751580
639798858 -404568111 -170652443 171943145
978105273 67825097 235598625 885167393
641754196 134978461 361378601 871852418
775907609 -804351332 -285330845 37504630
402566469 -97389441 276584106 893118075
8608340 523532800 637467083 435683119
54352388 -719370003 666760609 167098118
5028945 -653595887 -115954533 145153496
782400889 352906891 931416805 149590132
906868728 -935075999 -781445657 412384600
418566284 57448689 157720804 143133903
786966065 -909029708 -421395107 729382542
109578789 401050532 601162375 24442814
144268260 -135990240 171594755 765135735
185147692 -987350746 -22328768 546346784
501311993 -592945158 774169132 211682889
997248649 40361035 588425763 524384426
170222424 -161573897 899989196 584891534
380289828 298239448 645564593 178130645
370136298 103754316 253566446 343000137
17847781 322902069 368781702 359119851
329593749 640782946 696950604 23577899
652447669 615599833 897620925 321606711
233619010 -403473351 -182888178 346036739
712331642 -75704745 901425618 383870620
48606682 245134803 315054061 904982291
249109022 -479716632 296988642 601314474
486960451 524674178 732050844 404222333
66267783 396896290 895012216 340599653
335803751 -568445763 790946180 884227105
669084063 -651354176 -518460197 788782771
728657708 -338807693 545864193 331247848
892289612 -123756368 -55409930 817328159
487923580 -437269226 966719012 549005321
330502520 -864463094 -568376601 735270573
157720382 -40994271 410489785 896183051
272186890 -60379877 245447762 205353982
271924058 -66980853 836747361 458522858
732240106 -190313662 735136443 13550818
294191799 276581633 392191716 160417036
528790784 -841777679 -402149806 659127634
454901311 -916506218 698729286 536810879
29268788 80742815 82158889 691569524
367280345 228273029 512457224 201558016
989921902 -615823068 -278165525 349921045
282463597 -716338532 156378799 803326313
497493398 -839411534 762796872 734135594
263475428 -132267093 -10528456 353736777
247731604 -388273952 -373615066 629660944
791668772 235199663 550559439 164398554
240722768 253647453 308171621 407257500
181728278 -427588305 740790414 939244924
531689906 803497912 972117874 715772544
889480098 647684552 933011956 518389872
687060899 682742613 937655261 942489304
575435697 -673447337 591967573 752628093
332106761 285253507 339715053 352185772
437761833 -572514968 -213312293 933996909
691764174 -937940539 -779346841 163581561
890188532 -270212797 162263623 806064850
760518616 -925351417 -781457299 290369624
495479800 -813190230 -442199596 632512804
800385297 -492774165 245069274 574604232
713128223 -826719308 697323859 28864950
943683167 -636137503 437995094 320341770
267629391 -75348967 920551737 197368849
340188844 -758115366 -667763445 335842667
621073266 -680172895 -579560175 443206626
306816223 -505170903 13725357 253465141
953783407 -215556410 139849909 164134608
243948512 308434397 863820090 544217879
617936174 307775312 920717851 659697680
243324055 -806139870 -440695738 42062707
489649815 51657699 967453407 287197532
83538412 -787049910 -509845605 573785793
80277906 211752874 248898645 838098630
522096839 -510148775 217129908 984461490
542670087 -284782478 -132191526 636072659
35641872 -853783033 338811488 322711522
35365854 -733594569 203731398 160860461
907473071 -364248076 -251962035 522609802
409844991 -599732394 -303612093 384158632
522258828 297477469 578401984 150003549
495599954 112900989 871579336 396987405
13413775 103741424 120410959 249641704
542036928 -806752016 375500228 279450370
969168289 419466337 483388152 854764662
77442351 -6108042 599904396 161348955
923286696 16803770 209506693 311451559
582180488 -580189325 -325193016 250404567
356050317 -447819634 -21891914 987970959
545002676 -31704146 867111200 710872605
837889849 -927394300 -616678848 302453106
146717850 -293893785 707189266 370765181
402878611 -21792451 838595725 538002164
980548897 -294487458 816312248 909762559
990465154 -13425877 798379263 322485730
217902899 -408980527 614766839 511785402
696296432 -48008235 449189220 820728251
318027191 -943257902 -406303485 964888200
310132676 -646718341 -574948629 402807204
780248980 -443204295 954628567 239652700
907635942 -164477457 336938797 69212336
344934836 98866409 590253364 642962661
221131837 -734283484 136172824 103671763
792655102 -227542995 -146451281 59973286
314183347 -334906961 473276656 424299568
435409498 -562042248 860239755 344037089
438197551 -510797969 848228565 656602137
261273264 -523374257 -482352426 286945591
189237402 -577191073 -506302029 850540292
844817128 -882460722 23426825 784864812
680667610 722560287 738657403 279645327
884071403 -876376953 -163594702 729469886
31411672 -805571490 322209631 47641167
894011039 -592821000 154195320 172282443
195885948 -819326759 -314490015 74837100
222589421 -450924009 702975008 749017312
111483311 -647904985 -255918910 449189071
152029373 288444241 488856213 932337709
432999255 75059773 104175494 49013245
726308344 -73302954 371348111 780285015
883877725 29360921 581086226 732730599
872889476 -832678156 -320804273 413612892
397865130 -807534598 -497725227 206816758
184028491 -487619145 -327041489 948485815
742013989 -914013337 -406274911 811281696
454758196 -507424546 -18379897 605377221
587892405 272727530 329522863 453753067
677356326 -994699268 -294447263 663178372
34153796 100846001 580186494 970159968
561619979 -21208102 829261636 469849453
987810489 -180665931 297355915 771977420
140356298 -512664511 133484303 555750424
457721339 -735443853 -113864228 11577694
740029003 -962516370 -548469008 138044485
703700468 -743269618 881924432 771900468
239146870 -577086988 -544563535 458742183
939688331 -802959520 790254732 585121476
1579827 -840123195 -373327274 645711701
423097768 -835720630 -818297083 245703494
32726634 449926518 807136839 96610518
615279923 -321956778 786739810 410461657
809186819 -625627409 -598171268 221389835
544765717 -448989189 -324719916 165051370
988607206 -806464424 188516577 135099279
297889332 -752900892 -76416773 435359928
716379131 -957895485 -535349664 440511726
760784249 278138507 955714485 901900043
850620971 686655618 895944324 829890949
480295372 239118234 906520561 994275303
651745884 -928470644 230298184 820845423
665596950 -66463311 168621059 367201591
406697335 -402539384 544640441 966154724
98271037 -352538401 -58815830 831365644
724007525 -805791312 947855904 499634512
22802475 -832490936 46697287 394606496
26671628 -210512600 438426661 687194824
61595590 -266657602 995372392 967170406
962789206 -69466902 724014313 968225291
498126584 -896709668 -193418835 960106853
480475434 193007738 700567324 135500661
38339752 -852108170 -814409962 271105496
428589167 -34227701 419332352 658861406
293238206 -611213851 -31241382 583142253
87488015 -4939050 15388231 582452665
83853601 -141776957 208998184 878710189
904830705 1426464 260467567 485739634
640508347 754838341 845318921 487432143
492739581 -659335819 333828553 732383766
865795699 -100530179 354589201 958760444
624468507 70726948 171403721 964300574
762570289 -999129245 805098734 724986947
483707443 -608963978 425493619 433663660
462805469 -656690030 26757481 397883223
154346797 -932632859 742865916 839097290
156570720 -403306908 -92437117 910249624
120031729 581590543 679322927 495225385
351890592 -980852659 -544242252 489821202
600737128 881098398 944606398 514540923
952725382 -552707861 79263455 416717949
308708472 -607013458 -512951060 131023669
96634362 -917355332 532865946 414790651
164135946 -923515080 140120376 928431837
454924005 -963526149 343199548 99416842
621088007 -539549500 707347176 291868292
24942893 -807923264 -380347623 587530602
462583381 -145667344 12516515 867508798
300311484 -460468631 422687133 617931131
89067742 55725652 139344190 70812342
728142200 -809044258 240777504 211860910
460997000 13962614 369964935 366870221
449686347 -705127001 -171842478 595616782
816031037 -520502061 -264826689 933112262
531878940 293047293 388929297 65477156
453063396 -1743138 358727487 683636624
740418258 -682184054 -360986369 835149510
79840613 422629763 556444557 463079687
301514839 -727899344 371210692 15729938
375826344 -979831528 -228099313 948855668
59527570 -950671512 950008906 514583408
